//Old Seasonal PVP weapons for Bob

dimwishlist:item=3981920134&perks=1047830412,106909392,4071163871,47981717,1939575288
dimwishlist:item=2269779982&perks=1047830412,2420895100,1556840489,2289534249,501821599
dimwishlist:item=3216652511&perks=1428297954,957782887,4091460919
dimwishlist:item=568611922&perks=3525010810,3373736292,3300816228,438098033
dimwishlist:item=3437370193&perks=1482024992,3142289711,2387244414,460017080
dimwishlist:item=976459525&perks=1392496348,3868766766,1645158859,2213355989,1939575288
dimwishlist:item=3969379530&perks=4090651448,1561002382,3619207468,460017080,4091460919
dimwishlist:item=2313726158&perks=4090651448,1431678320,3511092054,460017080,990298390
dimwishlist:item=3813721211&perks=1840239774,1968497646,588594999,460017080,1906137414
dimwishlist:item=3193598749&perks=839105230,1561002382,4071163871,365154968,2988596335
dimwishlist:item=2347178967&perks=1482024992,1885400500,2579169598,460017080,744217850
dimwishlist:item=1552443158&perks=4090651448,1968497646,1890422124,555281244,4236235115
dimwishlist:item=2699423382&perks=1047830412,3142289711,3161816588,47981717,4236235115
dimwishlist:item=51129316&perks=3250034553,791862061,3161816588,2451262963,2988596335
dimwishlist:item=2130875369&perks=1840239774,1087426260,706527188,47981717
dimwishlist:item=2708806099&perks=839105230,1885400500,4116820839,509594246
dimwishlist:item=3218364298&perks=3250034553,3142289711,2579169598,247725512,4259401308
dimwishlist:item=2639921391&perks=839105230,3142289711,2450788523,2551157718
dimwishlist:item=3804242795&perks=839105230,3177308360,1126264488,4082225868,483923727
dimwishlist:item=1505862304&perks=839105230,1885400500,3511092054,2387244414
dimwishlist:item=2022294213&perks=3250034553,1561002382,2450788523,365154968,2509860981
dimwishlist:item=2022294213&perks=3250034553,1561002382,2450788523,365154968,2509860981
dimwishlist:item=2913577176&perks=1300023272,3142289711,2579169598,1194056669
dimwishlist:item=2913577176&perks=1300023272,3142289711,2579169598,1194056669
dimwishlist:item=2913577176&perks=1300023272,3142289711,2579169598,1194056669
dimwishlist:item=3009199534&perks=3525010810,2822142346,951095735,3194351027,4091460919
dimwishlist:item=3009199534&perks=3525010810,2822142346,951095735,3194351027,4091460919
