//Compact Defender - 360 Sidearm
//notes:Void Synergy
dimwishlist:item=2492895427&perks=2869740284,132891359,1392496348,3868766766,384158423
dimwishlist:item=2492895427&perks=2869740284,132891359,1840239774,3868766766,384158423
dimwishlist:item=2492895427&perks=2869740284,132891359,1392496348,1946186791,384158423
dimwishlist:item=2492895427&perks=2869740284,132891359,1840239774,1946186791,384158423
dimwishlist:item=2492895427&perks=2869740284,132891359,1392496348,3868766766,178753455
dimwishlist:item=2492895427&perks=2869740284,132891359,1840239774,3868766766,178753455
dimwishlist:item=2492895427&perks=2869740284,132891359,1392496348,1946186791,178753455
dimwishlist:item=2492895427&perks=2869740284,132891359,1840239774,1946186791,178753455
dimwishlist:item=2492895427&perks=2869740284,132891359,1392496348,3868766766,186337601
dimwishlist:item=2492895427&perks=2869740284,132891359,1840239774,3868766766,186337601
dimwishlist:item=2492895427&perks=2869740284,132891359,1392496348,1946186791,186337601
dimwishlist:item=2492895427&perks=2869740284,132891359,1840239774,1946186791,186337601
dimwishlist:item=2492895427&perks=2869740284,132891359,1392496348,3868766766,471689728
dimwishlist:item=2492895427&perks=2869740284,132891359,1840239774,3868766766,471689728
dimwishlist:item=2492895427&perks=2869740284,132891359,1392496348,1946186791,471689728
dimwishlist:item=2492895427&perks=2869740284,132891359,1840239774,1946186791,471689728

//notes: Ability Booster. Better than Swash as 3% damage tradeoff for additional stack on grenade kills.
dimwishlist:item=2492895427&perks=4190679284,2109543898,1392496348,3868766766,384158423
dimwishlist:item=2492895427&perks=4190679284,2109543898,1840239774,3868766766,384158423
dimwishlist:item=2492895427&perks=4190679284,2109543898,1392496348,1946186791,384158423
dimwishlist:item=2492895427&perks=4190679284,2109543898,1840239774,1946186791,384158423
dimwishlist:item=2492895427&perks=4190679284,2109543898,1392496348,3868766766,178753455
dimwishlist:item=2492895427&perks=4190679284,2109543898,1840239774,3868766766,178753455
dimwishlist:item=2492895427&perks=4190679284,2109543898,1392496348,1946186791,178753455
dimwishlist:item=2492895427&perks=4190679284,2109543898,1840239774,1946186791,178753455
dimwishlist:item=2492895427&perks=4190679284,2109543898,1392496348,3868766766,186337601
dimwishlist:item=2492895427&perks=4190679284,2109543898,1840239774,3868766766,186337601
dimwishlist:item=2492895427&perks=4190679284,2109543898,1392496348,1946186791,186337601
dimwishlist:item=2492895427&perks=4190679284,2109543898,1840239774,1946186791,186337601
dimwishlist:item=2492895427&perks=4190679284,2109543898,1392496348,3868766766,471689728
dimwishlist:item=2492895427&perks=4190679284,2109543898,1840239774,3868766766,471689728
dimwishlist:item=2492895427&perks=4190679284,2109543898,1392496348,1946186791,471689728
dimwishlist:item=2492895427&perks=4190679284,2109543898,1840239774,1946186791,471689728

