//Opaque Hourglass Crossbow
//notes:Fun weapon
dimwishlist:item=1553681400&perks=1890040155,1069117426,951095735,1546637391
dimwishlist:item=1553681400&perks=1890040155,1202133695,951095735,1546637391
dimwishlist:item=1553681400&perks=1890040155,2136073194,951095735,1546637391
dimwishlist:item=1553681400&perks=1890040155,2955427634,951095735,1546637391
dimwishlist:item=1553681400&perks=1890040155,3603807747,951095735,1546637391
dimwishlist:item=1553681400&perks=1890040155,1069117426,2869569095,1546637391
dimwishlist:item=1553681400&perks=1890040155,1202133695,2869569095,1546637391
dimwishlist:item=1553681400&perks=1890040155,2136073194,2869569095,1546637391
dimwishlist:item=1553681400&perks=1890040155,2955427634,2869569095,1546637391
dimwishlist:item=1553681400&perks=1890040155,3603807747,2869569095,1546637391
dimwishlist:item=1553681400&perks=1890040155,1069117426,3218042543,4104185692
dimwishlist:item=1553681400&perks=1890040155,1202133695,3218042543,4104185692
dimwishlist:item=1553681400&perks=1890040155,2136073194,3218042543,4104185692
dimwishlist:item=1553681400&perks=1890040155,2955427634,3218042543,4104185692
dimwishlist:item=1553681400&perks=1890040155,3603807747,3218042543,4104185692
dimwishlist:item=1553681400&perks=1890040155,1069117426,3824105627,2848615171
dimwishlist:item=1553681400&perks=1890040155,1202133695,3824105627,2848615171
dimwishlist:item=1553681400&perks=1890040155,2136073194,3824105627,2848615171
dimwishlist:item=1553681400&perks=1890040155,2955427634,3824105627,2848615171
dimwishlist:item=1553681400&perks=1890040155,3603807747,3824105627,2848615171
