//The Heron
//notes:Are glaives really anyone's thing?
dimwishlist:item=617566156&perks=594346985,679225683,776531651,2048641572
dimwishlist:item=617566156&perks=1263609309,679225683,776531651,2048641572
dimwishlist:item=617566156&perks=594346985,1087426260,776531651,2048641572
dimwishlist:item=617566156&perks=5699512,679225683,776531651,2048641572
dimwishlist:item=617566156&perks=1263609309,1087426260,776531651,2048641572
dimwishlist:item=617566156&perks=594346985,679225683,776531651,3108830275
dimwishlist:item=617566156&perks=1263609309,679225683,776531651,3108830275
dimwishlist:item=617566156&perks=594346985,1087426260,776531651,3108830275
dimwishlist:item=617566156&perks=5699512,679225683,776531651,3108830275
dimwishlist:item=617566156&perks=1263609309,1087426260,776531651,3108830275
dimwishlist:item=617566156&perks=594346985,679225683,1966281507,1782407750
dimwishlist:item=617566156&perks=1263609309,679225683,1966281507,1782407750
dimwishlist:item=617566156&perks=594346985,1087426260,1966281507,1782407750
dimwishlist:item=617566156&perks=5699512,679225683,1966281507,1782407750
dimwishlist:item=617566156&perks=1263609309,1087426260,1966281507,1782407750
dimwishlist:item=617566156&perks=594346985,679225683,1966281507,2224838837
dimwishlist:item=617566156&perks=1263609309,679225683,1966281507,2224838837
dimwishlist:item=617566156&perks=594346985,1087426260,1966281507,2224838837
dimwishlist:item=617566156&perks=5699512,679225683,1966281507,2224838837
dimwishlist:item=617566156&perks=1263609309,1087426260,1966281507,2224838837
dimwishlist:item=617566156&perks=594346985,679225683,3643424744,1782407750
dimwishlist:item=617566156&perks=1263609309,679225683,3643424744,1782407750
dimwishlist:item=617566156&perks=594346985,1087426260,3643424744,1782407750
dimwishlist:item=617566156&perks=5699512,679225683,3643424744,1782407750
dimwishlist:item=617566156&perks=1263609309,1087426260,3643424744,1782407750
dimwishlist:item=617566157&perks=594346985,679225683,776531651,2048641572
dimwishlist:item=617566157&perks=1263609309,679225683,776531651,2048641572
dimwishlist:item=617566157&perks=594346985,1087426260,776531651,2048641572
dimwishlist:item=617566157&perks=5699512,679225683,776531651,2048641572
dimwishlist:item=617566157&perks=1263609309,1087426260,776531651,2048641572
dimwishlist:item=617566157&perks=594346985,679225683,776531651,3108830275
dimwishlist:item=617566157&perks=1263609309,679225683,776531651,3108830275
dimwishlist:item=617566157&perks=594346985,1087426260,776531651,3108830275
dimwishlist:item=617566157&perks=5699512,679225683,776531651,3108830275
dimwishlist:item=617566157&perks=1263609309,1087426260,776531651,3108830275
dimwishlist:item=617566157&perks=594346985,679225683,1966281507,1782407750
dimwishlist:item=617566157&perks=1263609309,679225683,1966281507,1782407750
dimwishlist:item=617566157&perks=594346985,1087426260,1966281507,1782407750
dimwishlist:item=617566157&perks=5699512,679225683,1966281507,1782407750
dimwishlist:item=617566157&perks=1263609309,1087426260,1966281507,1782407750
dimwishlist:item=617566157&perks=594346985,679225683,1966281507,2224838837
dimwishlist:item=617566157&perks=1263609309,679225683,1966281507,2224838837
dimwishlist:item=617566157&perks=594346985,1087426260,1966281507,2224838837
dimwishlist:item=617566157&perks=5699512,679225683,1966281507,2224838837
dimwishlist:item=617566157&perks=1263609309,1087426260,1966281507,2224838837
dimwishlist:item=617566157&perks=594346985,679225683,3643424744,1782407750
dimwishlist:item=617566157&perks=1263609309,679225683,3643424744,1782407750
dimwishlist:item=617566157&perks=594346985,1087426260,3643424744,1782407750
dimwishlist:item=617566157&perks=5699512,679225683,3643424744,1782407750
dimwishlist:item=617566157&perks=1263609309,1087426260,3643424744,1782407750
dimwishlist:item=617566158&perks=594346985,679225683,776531651,2048641572
dimwishlist:item=617566158&perks=1263609309,679225683,776531651,2048641572
dimwishlist:item=617566158&perks=594346985,1087426260,776531651,2048641572
dimwishlist:item=617566158&perks=5699512,679225683,776531651,2048641572
dimwishlist:item=617566158&perks=1263609309,1087426260,776531651,2048641572
dimwishlist:item=617566158&perks=594346985,679225683,776531651,3108830275
dimwishlist:item=617566158&perks=1263609309,679225683,776531651,3108830275
dimwishlist:item=617566158&perks=594346985,1087426260,776531651,3108830275
dimwishlist:item=617566158&perks=5699512,679225683,776531651,3108830275
dimwishlist:item=617566158&perks=1263609309,1087426260,776531651,3108830275
dimwishlist:item=617566158&perks=594346985,679225683,1966281507,1782407750
dimwishlist:item=617566158&perks=1263609309,679225683,1966281507,1782407750
dimwishlist:item=617566158&perks=594346985,1087426260,1966281507,1782407750
dimwishlist:item=617566158&perks=5699512,679225683,1966281507,1782407750
dimwishlist:item=617566158&perks=1263609309,1087426260,1966281507,1782407750
dimwishlist:item=617566158&perks=594346985,679225683,1966281507,2224838837
dimwishlist:item=617566158&perks=1263609309,679225683,1966281507,2224838837
dimwishlist:item=617566158&perks=594346985,1087426260,1966281507,2224838837
dimwishlist:item=617566158&perks=5699512,679225683,1966281507,2224838837
dimwishlist:item=617566158&perks=1263609309,1087426260,1966281507,2224838837
dimwishlist:item=617566158&perks=594346985,679225683,3643424744,1782407750
dimwishlist:item=617566158&perks=1263609309,679225683,3643424744,1782407750
dimwishlist:item=617566158&perks=594346985,1087426260,3643424744,1782407750
dimwishlist:item=617566158&perks=5699512,679225683,3643424744,1782407750
dimwishlist:item=617566158&perks=1263609309,1087426260,3643424744,1782407750
dimwishlist:item=617566159&perks=594346985,679225683,776531651,2048641572
dimwishlist:item=617566159&perks=1263609309,679225683,776531651,2048641572
dimwishlist:item=617566159&perks=594346985,1087426260,776531651,2048641572
dimwishlist:item=617566159&perks=5699512,679225683,776531651,2048641572
dimwishlist:item=617566159&perks=1263609309,1087426260,776531651,2048641572
dimwishlist:item=617566159&perks=594346985,679225683,776531651,3108830275
dimwishlist:item=617566159&perks=1263609309,679225683,776531651,3108830275
dimwishlist:item=617566159&perks=594346985,1087426260,776531651,3108830275
dimwishlist:item=617566159&perks=5699512,679225683,776531651,3108830275
dimwishlist:item=617566159&perks=1263609309,1087426260,776531651,3108830275
dimwishlist:item=617566159&perks=594346985,679225683,1966281507,1782407750
dimwishlist:item=617566159&perks=1263609309,679225683,1966281507,1782407750
dimwishlist:item=617566159&perks=594346985,1087426260,1966281507,1782407750
dimwishlist:item=617566159&perks=5699512,679225683,1966281507,1782407750
dimwishlist:item=617566159&perks=1263609309,1087426260,1966281507,1782407750
dimwishlist:item=617566159&perks=594346985,679225683,1966281507,2224838837
dimwishlist:item=617566159&perks=1263609309,679225683,1966281507,2224838837
dimwishlist:item=617566159&perks=594346985,1087426260,1966281507,2224838837
dimwishlist:item=617566159&perks=5699512,679225683,1966281507,2224838837
dimwishlist:item=617566159&perks=1263609309,1087426260,1966281507,2224838837
dimwishlist:item=617566159&perks=594346985,679225683,3643424744,1782407750
dimwishlist:item=617566159&perks=1263609309,679225683,3643424744,1782407750
dimwishlist:item=617566159&perks=594346985,1087426260,3643424744,1782407750
dimwishlist:item=617566159&perks=5699512,679225683,3643424744,1782407750
dimwishlist:item=617566159&perks=1263609309,1087426260,3643424744,1782407750
dimwishlist:item=2246386812&perks=594346985,679225683,776531651,2048641572
dimwishlist:item=2246386812&perks=1263609309,679225683,776531651,2048641572
dimwishlist:item=2246386812&perks=594346985,1087426260,776531651,2048641572
dimwishlist:item=2246386812&perks=5699512,679225683,776531651,2048641572
dimwishlist:item=2246386812&perks=1263609309,1087426260,776531651,2048641572
dimwishlist:item=2246386812&perks=594346985,679225683,776531651,3108830275
dimwishlist:item=2246386812&perks=1263609309,679225683,776531651,3108830275
dimwishlist:item=2246386812&perks=594346985,1087426260,776531651,3108830275
dimwishlist:item=2246386812&perks=5699512,679225683,776531651,3108830275
dimwishlist:item=2246386812&perks=1263609309,1087426260,776531651,3108830275
dimwishlist:item=2246386812&perks=594346985,679225683,1966281507,1782407750
dimwishlist:item=2246386812&perks=1263609309,679225683,1966281507,1782407750
dimwishlist:item=2246386812&perks=594346985,1087426260,1966281507,1782407750
dimwishlist:item=2246386812&perks=5699512,679225683,1966281507,1782407750
dimwishlist:item=2246386812&perks=1263609309,1087426260,1966281507,1782407750
dimwishlist:item=2246386812&perks=594346985,679225683,1966281507,2224838837
dimwishlist:item=2246386812&perks=1263609309,679225683,1966281507,2224838837
dimwishlist:item=2246386812&perks=594346985,1087426260,1966281507,2224838837
dimwishlist:item=2246386812&perks=5699512,679225683,1966281507,2224838837
dimwishlist:item=2246386812&perks=1263609309,1087426260,1966281507,2224838837
dimwishlist:item=2246386812&perks=594346985,679225683,3643424744,1782407750
dimwishlist:item=2246386812&perks=1263609309,679225683,3643424744,1782407750
dimwishlist:item=2246386812&perks=594346985,1087426260,3643424744,1782407750
dimwishlist:item=2246386812&perks=5699512,679225683,3643424744,1782407750
dimwishlist:item=2246386812&perks=1263609309,1087426260,3643424744,1782407750
dimwishlist:item=617566156&perks=1263609309,679225683,1966281507,1782407750
dimwishlist:item=617566156&perks=5699512,679225683,1966281507,1782407750
dimwishlist:item=617566156&perks=1263609309,1087426260,1966281507,1782407750
dimwishlist:item=617566156&perks=1263609309,1431678320,1966281507,1782407750
dimwishlist:item=617566156&perks=1263609309,2420895100,1966281507,1782407750
dimwishlist:item=617566156&perks=1263609309,679225683,1966281507,2224838837
dimwishlist:item=617566156&perks=5699512,679225683,1966281507,2224838837
dimwishlist:item=617566156&perks=1263609309,1087426260,1966281507,2224838837
dimwishlist:item=617566156&perks=1263609309,1431678320,1966281507,2224838837
dimwishlist:item=617566156&perks=1263609309,2420895100,1966281507,2224838837
dimwishlist:item=617566157&perks=1263609309,679225683,1966281507,1782407750
dimwishlist:item=617566157&perks=5699512,679225683,1966281507,1782407750
dimwishlist:item=617566157&perks=1263609309,1087426260,1966281507,1782407750
dimwishlist:item=617566157&perks=1263609309,1431678320,1966281507,1782407750
dimwishlist:item=617566157&perks=1263609309,2420895100,1966281507,1782407750
dimwishlist:item=617566157&perks=1263609309,679225683,1966281507,2224838837
dimwishlist:item=617566157&perks=5699512,679225683,1966281507,2224838837
dimwishlist:item=617566157&perks=1263609309,1087426260,1966281507,2224838837
dimwishlist:item=617566157&perks=1263609309,1431678320,1966281507,2224838837
dimwishlist:item=617566157&perks=1263609309,2420895100,1966281507,2224838837
dimwishlist:item=617566158&perks=1263609309,679225683,1966281507,1782407750
dimwishlist:item=617566158&perks=5699512,679225683,1966281507,1782407750
dimwishlist:item=617566158&perks=1263609309,1087426260,1966281507,1782407750
dimwishlist:item=617566158&perks=1263609309,1431678320,1966281507,1782407750
dimwishlist:item=617566158&perks=1263609309,2420895100,1966281507,1782407750
dimwishlist:item=617566158&perks=1263609309,679225683,1966281507,2224838837
dimwishlist:item=617566158&perks=5699512,679225683,1966281507,2224838837
dimwishlist:item=617566158&perks=1263609309,1087426260,1966281507,2224838837
dimwishlist:item=617566158&perks=1263609309,1431678320,1966281507,2224838837
dimwishlist:item=617566158&perks=1263609309,2420895100,1966281507,2224838837
dimwishlist:item=617566159&perks=1263609309,679225683,1966281507,1782407750
dimwishlist:item=617566159&perks=5699512,679225683,1966281507,1782407750
dimwishlist:item=617566159&perks=1263609309,1087426260,1966281507,1782407750
dimwishlist:item=617566159&perks=1263609309,1431678320,1966281507,1782407750
dimwishlist:item=617566159&perks=1263609309,2420895100,1966281507,1782407750
dimwishlist:item=617566159&perks=1263609309,679225683,1966281507,2224838837
dimwishlist:item=617566159&perks=5699512,679225683,1966281507,2224838837
dimwishlist:item=617566159&perks=1263609309,1087426260,1966281507,2224838837
dimwishlist:item=617566159&perks=1263609309,1431678320,1966281507,2224838837
dimwishlist:item=617566159&perks=1263609309,2420895100,1966281507,2224838837
dimwishlist:item=2246386812&perks=1263609309,679225683,1966281507,1782407750
dimwishlist:item=2246386812&perks=5699512,679225683,1966281507,1782407750
dimwishlist:item=2246386812&perks=1263609309,1087426260,1966281507,1782407750
dimwishlist:item=2246386812&perks=1263609309,1431678320,1966281507,1782407750
dimwishlist:item=2246386812&perks=1263609309,2420895100,1966281507,1782407750
dimwishlist:item=2246386812&perks=1263609309,679225683,1966281507,2224838837
dimwishlist:item=2246386812&perks=5699512,679225683,1966281507,2224838837
dimwishlist:item=2246386812&perks=1263609309,1087426260,1966281507,2224838837
dimwishlist:item=2246386812&perks=1263609309,1431678320,1966281507,2224838837
dimwishlist:item=2246386812&perks=1263609309,2420895100,1966281507,2224838837


//Romantic Death Wave Frame GL
//notes:Some nice voidy voidy but beyond that, useless
dimwishlist:item=2979965244&perks=1441682018,2822142346,776531651,2048641572
dimwishlist:item=2979965244&perks=1441682018,3492396210,776531651,2048641572
dimwishlist:item=2979965244&perks=1844523823,2822142346,776531651,2048641572
dimwishlist:item=2979965244&perks=1844523823,3492396210,776531651,2048641572
dimwishlist:item=2979965244&perks=981914802,2822142346,776531651,2048641572
dimwishlist:item=2979965244&perks=1441682018,2822142346,1583705720,4049631843
dimwishlist:item=2979965244&perks=1441682018,3492396210,1583705720,4049631843
dimwishlist:item=2979965244&perks=1844523823,2822142346,1583705720,4049631843
dimwishlist:item=2979965244&perks=1844523823,3492396210,1583705720,4049631843
dimwishlist:item=2979965244&perks=981914802,2822142346,1583705720,4049631843
dimwishlist:item=2979965245&perks=1441682018,2822142346,776531651,2048641572
dimwishlist:item=2979965245&perks=1441682018,3492396210,776531651,2048641572
dimwishlist:item=2979965245&perks=1844523823,2822142346,776531651,2048641572
dimwishlist:item=2979965245&perks=1844523823,3492396210,776531651,2048641572
dimwishlist:item=2979965245&perks=981914802,2822142346,776531651,2048641572
dimwishlist:item=2979965245&perks=1441682018,2822142346,1583705720,4049631843
dimwishlist:item=2979965245&perks=1441682018,3492396210,1583705720,4049631843
dimwishlist:item=2979965245&perks=1844523823,2822142346,1583705720,4049631843
dimwishlist:item=2979965245&perks=1844523823,3492396210,1583705720,4049631843
dimwishlist:item=2979965245&perks=981914802,2822142346,1583705720,4049631843
dimwishlist:item=2979965246&perks=1441682018,2822142346,776531651,2048641572
dimwishlist:item=2979965246&perks=1441682018,3492396210,776531651,2048641572
dimwishlist:item=2979965246&perks=1844523823,2822142346,776531651,2048641572
dimwishlist:item=2979965246&perks=1844523823,3492396210,776531651,2048641572
dimwishlist:item=2979965246&perks=981914802,2822142346,776531651,2048641572
dimwishlist:item=2979965246&perks=1441682018,2822142346,1583705720,4049631843
dimwishlist:item=2979965246&perks=1441682018,3492396210,1583705720,4049631843
dimwishlist:item=2979965246&perks=1844523823,2822142346,1583705720,4049631843
dimwishlist:item=2979965246&perks=1844523823,3492396210,1583705720,4049631843
dimwishlist:item=2979965246&perks=981914802,2822142346,1583705720,4049631843
dimwishlist:item=2979965247&perks=1441682018,2822142346,776531651,2048641572
dimwishlist:item=2979965247&perks=1441682018,3492396210,776531651,2048641572
dimwishlist:item=2979965247&perks=1844523823,2822142346,776531651,2048641572
dimwishlist:item=2979965247&perks=1844523823,3492396210,776531651,2048641572
dimwishlist:item=2979965247&perks=981914802,2822142346,776531651,2048641572
dimwishlist:item=2979965247&perks=1441682018,2822142346,1583705720,4049631843
dimwishlist:item=2979965247&perks=1441682018,3492396210,1583705720,4049631843
dimwishlist:item=2979965247&perks=1844523823,2822142346,1583705720,4049631843
dimwishlist:item=2979965247&perks=1844523823,3492396210,1583705720,4049631843
dimwishlist:item=2979965247&perks=981914802,2822142346,1583705720,4049631843
dimwishlist:item=4169082039&perks=1441682018,2822142346,776531651,2048641572
dimwishlist:item=4169082039&perks=1441682018,3492396210,776531651,2048641572
dimwishlist:item=4169082039&perks=1844523823,2822142346,776531651,2048641572
dimwishlist:item=4169082039&perks=1844523823,3492396210,776531651,2048641572
dimwishlist:item=4169082039&perks=981914802,2822142346,776531651,2048641572
dimwishlist:item=4169082039&perks=1441682018,2822142346,1583705720,4049631843
dimwishlist:item=4169082039&perks=1441682018,3492396210,1583705720,4049631843
dimwishlist:item=4169082039&perks=1844523823,2822142346,1583705720,4049631843
dimwishlist:item=4169082039&perks=1844523823,3492396210,1583705720,4049631843
dimwishlist:item=4169082039&perks=981914802,2822142346,1583705720,4049631843

//Monody-44 Aggressive Fusion Rifle
//notes:Slower charge time weaponry have their place, but you need to work with it. Anything that is void synergy or improves charge time.
dimwishlist:item=3201200906&perks=1482024992,689005463,776531651,2048641572
dimwishlist:item=3201200906&perks=1482024992,1687452232,776531651,2048641572
dimwishlist:item=3201200906&perks=1482024992,2680121939,776531651,2048641572
dimwishlist:item=3201200906&perks=1482024992,2969185026,776531651,2048641572
dimwishlist:item=3201200906&perks=1482024992,3868766766,776531651,2048641572
dimwishlist:item=3201200906&perks=1482024992,689005463,3978468247,2048641572
dimwishlist:item=3201200906&perks=1482024992,1687452232,3978468247,2048641572
dimwishlist:item=3201200906&perks=1482024992,2680121939,3978468247,2048641572
dimwishlist:item=3201200906&perks=1482024992,2969185026,3978468247,2048641572
dimwishlist:item=3201200906&perks=1482024992,3868766766,3978468247,2048641572
dimwishlist:item=3201200906&perks=1482024992,689005463,3978468247,2652708987
dimwishlist:item=3201200906&perks=1482024992,1687452232,3978468247,2652708987
dimwishlist:item=3201200906&perks=1482024992,2680121939,3978468247,2652708987
dimwishlist:item=3201200906&perks=1482024992,2969185026,3978468247,2652708987
dimwishlist:item=3201200906&perks=1482024992,3868766766,3978468247,2652708987

//notes:I wouldn't use this in PVP, but if you did..
dimwishlist:item=3201200906&perks=1482024992,689005463,1799762209,1194056669
dimwishlist:item=3201200906&perks=1482024992,1687452232,1799762209,1194056669
dimwishlist:item=3201200906&perks=1482024992,2680121939,1799762209,1194056669
dimwishlist:item=3201200906&perks=1482024992,2969185026,1799762209,1194056669
dimwishlist:item=3201200906&perks=1482024992,3868766766,1799762209,1194056669

